* missing loci ignored.
ID                               Chip  Call0*   Call1*   Call2*   Call5    Homo*    Missing_allele
Chumbo_grosso                       1  0.305636 0.377352 0.317012 0.000000 0.622648       0.000000
Double_black                        1  0.282359 0.423881 0.293760 0.000000 0.576119       0.000000
K321                                1  0.314469 0.367152 0.318379 0.000000 0.632848       0.000000
K327                                1  0.323027 0.348250 0.328723 0.000000 0.651750       0.000000
K431                                1  0.310331 0.381293 0.308376 0.000000 0.618707       0.000000
K452                                1  0.311151 0.361921 0.326928 0.000000 0.638079       0.000000
K522                                1  0.372807 0.261031 0.366162 0.000000 0.738969       0.000000
K533                                1  0.321954 0.352026 0.326020 0.000000 0.647974       0.000000
K538                                1  0.302830 0.383305 0.313865 0.000000 0.616695       0.000000
K541                                1  0.298739 0.388119 0.313143 0.000000 0.611881       0.000000
K562                                1  0.322981 0.351980 0.325039 0.000000 0.648020       0.000000
L37                                 1  0.320484 0.343060 0.336456 0.000000 0.656940       0.000000
L605                                1  0.296015 0.386870 0.317115 0.000000 0.613130       0.000000
Lotus                               1  0.309846 0.366270 0.323884 0.000000 0.633730       0.000000
Pacote                              1  0.340264 0.250208 0.409529 0.000000 0.749792       0.000000
Profeta                             1  0.307050 0.370356 0.322594 0.000000 0.629644       0.000000
L592                                1  0.304924 0.366487 0.328589 0.000000 0.633513       0.000000
L636                                1  0.296097 0.385581 0.318322 0.000000 0.614419       0.000000
L576                                1  0.301246 0.378379 0.320376 0.000000 0.621621       0.000000
L529                                1  0.313622 0.381660 0.304718 0.000000 0.618340       0.000000
L580                                1  0.302577 0.375536 0.321887 0.000000 0.624464       0.000000
L584                                1  0.299229 0.374184 0.326587 0.000000 0.625816       0.000000
L564                                1  0.303454 0.373906 0.322640 0.000000 0.626094       0.000000
L583                                1  0.295556 0.386973 0.317471 0.000000 0.613027       0.000000
L539                                1  0.295375 0.390286 0.314340 0.000000 0.609714       0.000000
L643                                1  0.305430 0.379312 0.315258 0.000000 0.620688       0.000000
L627                                1  0.304909 0.372853 0.322238 0.000000 0.627147       0.000000
L543                                1  0.305450 0.376377 0.318173 0.000000 0.623623       0.000000
L548                                1  0.302644 0.367065 0.330291 0.000000 0.632935       0.000000
L536                                1  0.297310 0.386318 0.316372 0.000000 0.613682       0.000000
L530                                1  0.294224 0.379797 0.325978 0.000000 0.620203       0.000000
L447                                1  0.299616 0.377522 0.322862 0.000000 0.622478       0.000000
L444                                1  0.292795 0.398241 0.308964 0.000000 0.601759       0.000000
L373                                1  0.291108 0.399737 0.309155 0.000000 0.600263       0.000000
L353                                1  0.302262 0.382335 0.315402 0.000000 0.617665       0.000000
L389                                1  0.301994 0.383924 0.314082 0.000000 0.616076       0.000000
L369                                1  0.305729 0.379158 0.315113 0.000000 0.620842       0.000000
L366                                1  0.302329 0.384409 0.313261 0.000000 0.615591       0.000000
L429                                1  0.313787 0.358826 0.327387 0.000000 0.641174       0.000000
L378                                1  0.297511 0.382382 0.320107 0.000000 0.617618       0.000000
L374                                1  0.307334 0.369562 0.323105 0.000000 0.630438       0.000000
L359                                1  0.309702 0.369618 0.320680 0.000000 0.630382       0.000000
L578                                1  0.292568 0.403028 0.304403 0.000000 0.596972       0.000000
L558                                1  0.300152 0.387861 0.311987 0.000000 0.612139       0.000000
L582                                1  0.294998 0.390760 0.314241 0.000000 0.609240       0.000000
L531                                1  0.293827 0.400789 0.305383 0.000000 0.599211       0.000000
L594                                1  0.299657 0.385813 0.314530 0.000000 0.614187       0.000000
L574                                1  0.308788 0.372513 0.318699 0.000000 0.627487       0.000000
L579                                1  0.303181 0.378528 0.318291 0.000000 0.621472       0.000000
L535                                1  0.306147 0.375211 0.318642 0.000000 0.624789       0.000000
K429                                1  0.169799 0.606583 0.223618 0.000000 0.393417       0.000000
K500                                1  0.193556 0.574267 0.232177 0.000000 0.425733       0.000000
SPARTACUS                           1  0.300792 0.388924 0.310285 0.000000 0.611076       0.000000
SANTARITA                           1  0.295194 0.391580 0.313225 0.000000 0.608420       0.000000
UDO                                 1  0.304444 0.371347 0.324209 0.000000 0.628653       0.000000
DRAGON                              1  0.289437 0.403126 0.307437 0.000000 0.596874       0.000000
ROBUSTO                             1  0.301261 0.384373 0.314365 0.000000 0.615627       0.000000
L521                                1  0.306075 0.374922 0.319003 0.000000 0.625078       0.000000
Karuboy                             1  0.338752 0.257281 0.403967 0.000000 0.742719       0.000000
EMBRA076                            1  0.333830 0.265107 0.401063 0.000000 0.734893       0.000000
EMBRA077                            1  0.331767 0.270049 0.398184 0.000000 0.729951       0.000000
EMBRA078                            1  0.342178 0.248861 0.408961 0.000000 0.751139       0.000000
EMBRA079                            1  0.345588 0.242485 0.411928 0.000000 0.757515       0.000000
EMBRA080                            1  0.333856 0.266990 0.399154 0.000000 0.733010       0.000000
EMBRA081                            1  0.345417 0.242655 0.411928 0.000000 0.757345       0.000000
EMBRA082                            1  0.338417 0.257389 0.404194 0.000000 0.742611       0.000000
EMBRA083                            1  0.341579 0.250393 0.408027 0.000000 0.749607       0.000000
EMBRA084                            1  0.331937 0.269796 0.398267 0.000000 0.730204       0.000000
EMBRA085                            1  0.341853 0.247824 0.410323 0.000000 0.752176       0.000000
EMBRA086                            1  0.333072 0.268527 0.398401 0.000000 0.731473       0.000000
EMBRA087                            1  0.332695 0.264962 0.402342 0.000000 0.735038       0.000000
EMBRA088                            1  0.341270 0.251126 0.407604 0.000000 0.748874       0.000000
EMBRA089                            1  0.345036 0.241112 0.413852 0.000000 0.758888       0.000000
EMBRA090                            1  0.333629 0.266051 0.400320 0.000000 0.733949       0.000000
EMBRA091                            1  0.334516 0.263389 0.402095 0.000000 0.736611       0.000000
EMBRA092                            1  0.341873 0.249011 0.409116 0.000000 0.750989       0.000000
EMBRA093                            1  0.340836 0.249387 0.409776 0.000000 0.750613       0.000000
EMBRA094                            1  0.342028 0.248196 0.409776 0.000000 0.751804       0.000000
EMBRA095                            1  0.339562 0.258075 0.402363 0.000000 0.741925       0.000000
EMBRA096                            1  0.339227 0.251822 0.408951 0.000000 0.748178       0.000000
EMBRA097                            1  0.336281 0.257446 0.406273 0.000000 0.742554       0.000000
EMBRA098                            1  0.345923 0.239931 0.414146 0.000000 0.760069       0.000000
EMBRA099                            1  0.341295 0.248995 0.409709 0.000000 0.751005       0.000000
EMBRA100                            1  0.335569 0.260748 0.403684 0.000000 0.739252       0.000000
EMBRA101                            1  0.344602 0.244971 0.410426 0.000000 0.755029       0.000000
EMBRA102                            1  0.341022 0.249382 0.409596 0.000000 0.750618       0.000000
EMBRA103                            1  0.354183 0.222973 0.422844 0.000000 0.777027       0.000000
EMBRA104                            1  0.335032 0.258823 0.406144 0.000000 0.741177       0.000000
EMBRA105                            1  0.342064 0.247731 0.410205 0.000000 0.752269       0.000000
EMBRA106                            1  0.333020 0.266087 0.400893 0.000000 0.733913       0.000000
EMBRA107                            1  0.338066 0.255382 0.406552 0.000000 0.744618       0.000000
EMBRA108                            1  0.343163 0.245554 0.411283 0.000000 0.754446       0.000000
EMBRA109                            1  0.332087 0.268605 0.399309 0.000000 0.731395       0.000000
EMBRA110                            1  0.341909 0.249068 0.409023 0.000000 0.750932       0.000000
EMBRA111                            1  0.337277 0.259566 0.403157 0.000000 0.740434       0.000000
EMBRA112                            1  0.338148 0.254376 0.407475 0.000000 0.745624       0.000000
EMBRA113                            1  0.343292 0.245905 0.410803 0.000000 0.754095       0.000000
EMBRA114                            1  0.346552 0.239007 0.414440 0.000000 0.760993       0.000000
EMBRA115                            1  0.360219 0.210736 0.429045 0.000000 0.789264       0.000000
EMBRA116                            1  0.350525 0.230103 0.419372 0.000000 0.769897       0.000000
EMBRA117                            1  0.340439 0.250785 0.408776 0.000000 0.749215       0.000000
EMBRA118                            1  0.330812 0.260268 0.408920 0.000000 0.739732       0.000000
EMBRA119                            1  0.344773 0.241190 0.414038 0.000000 0.758810       0.000000
EMBRA120                            1  0.346847 0.237516 0.415637 0.000000 0.762484       0.000000
EMBRA121                            1  0.338138 0.254005 0.407857 0.000000 0.745995       0.000000
EMBRA122                            1  0.343715 0.245405 0.410880 0.000000 0.754595       0.000000
EMBRA123                            1  0.347595 0.238461 0.413945 0.000000 0.761539       0.000000
EMBRA124                            1  0.344448 0.240297 0.415255 0.000000 0.759703       0.000000
EMBRA125                            1  0.334589 0.263322 0.402089 0.000000 0.736678       0.000000
EMBRA126                            1  0.341295 0.248288 0.410416 0.000000 0.751711       0.000000
EMBRA127                            1  0.339371 0.251941 0.408688 0.000000 0.748059       0.000000
EMBRA128                            1  0.331787 0.267578 0.400635 0.000000 0.732422       0.000000
EMBRA129                            1  0.347693 0.235293 0.417014 0.000000 0.764707       0.000000
EMBRA130                            1  0.350675 0.232713 0.416612 0.000000 0.767287       0.000000
EMBRA131                            1  0.334841 0.260201 0.404958 0.000000 0.739799       0.000000
EMBRA132                            1  0.332695 0.269177 0.398127 0.000000 0.730823       0.000000
EMBRA133                            1  0.331488 0.269064 0.399448 0.000000 0.730936       0.000000
EMBRA134                            1  0.343075 0.247350 0.409575 0.000000 0.752650       0.000000
EMBRA135                            1  0.345113 0.243516 0.411370 0.000000 0.756484       0.000000
EMBRA136                            1  0.334351 0.264694 0.400954 0.000000 0.735306       0.000000
EMBRA137                            1  0.338922 0.250626 0.410452 0.000000 0.749375       0.000000
EMBRA138                            1  0.330756 0.271762 0.397482 0.000000 0.728238       0.000000
EMBRA139                            1  0.338019 0.254134 0.407847 0.000000 0.745866       0.000000
EMBRA140                            1  0.340769 0.249150 0.410081 0.000000 0.750850       0.000000
EMBRA141                            1  0.339139 0.251503 0.409358 0.000000 0.748497       0.000000
EMBRA142                            1  0.323507 0.286290 0.390203 0.000000 0.713710       0.000000
EMBRA143                            1  0.342394 0.245848 0.411757 0.000000 0.754152       0.000000
EMBRA144                            1  0.329430 0.268987 0.401584 0.000000 0.731013       0.000000
EMBRA145                            1  0.346991 0.238089 0.414920 0.000000 0.761911       0.000000
EMBRA146                            1  0.338427 0.255754 0.405819 0.000000 0.744246       0.000000
EMBRA147                            1  0.338886 0.249558 0.411556 0.000000 0.750442       0.000000
EMBRA001                            1  0.334124 0.264844 0.401032 0.000000 0.735156       0.000000
EMBRA002                            1  0.340253 0.251446 0.408301 0.000000 0.748554       0.000000
EMBRA003                            1  0.338360 0.256579 0.405061 0.000000 0.743421       0.000000
EMBRA004                            1  0.333407 0.267269 0.399324 0.000000 0.732731       0.000000
EMBRA005                            1  0.340934 0.251059 0.408007 0.000000 0.748941       0.000000
EMBRA006                            1  0.333051 0.267160 0.399788 0.000000 0.732840       0.000000
EMBRA007                            1  0.340965 0.247241 0.411794 0.000000 0.752759       0.000000
EMBRA008                            1  0.340676 0.249656 0.409668 0.000000 0.750344       0.000000
EMBRA009                            1  0.339392 0.252849 0.407759 0.000000 0.747151       0.000000
EMBRA010                            1  0.345526 0.241277 0.413197 0.000000 0.758723       0.000000
EMBRA011                            1  0.347151 0.233596 0.419253 0.000000 0.766404       0.000000
EMBRA012                            1  0.344014 0.244404 0.411582 0.000000 0.755596       0.000000
EMBRA013                            1  0.332721 0.263394 0.403885 0.000000 0.736606       0.000000
EMBRA014                            1  0.336673 0.256450 0.406877 0.000000 0.743550       0.000000
EMBRA015                            1  0.372606 0.186504 0.440890 0.000000 0.813496       0.000000
EMBRA016                            1  0.340568 0.252932 0.406500 0.000000 0.747068       0.000000
EMBRA017                            1  0.339185 0.254433 0.406382 0.000000 0.745567       0.000000
EMBRA018                            1  0.340950 0.246638 0.412413 0.000000 0.753362       0.000000
EMBRA019                            1  0.336833 0.258065 0.405102 0.000000 0.741935       0.000000
EMBRA020                            1  0.336420 0.255816 0.407764 0.000000 0.744184       0.000000
EMBRA021                            1  0.332948 0.268656 0.398396 0.000000 0.731344       0.000000
EMBRA148                            1  0.335311 0.259685 0.405004 0.000000 0.740315       0.000000
EMBRA149                            1  0.342967 0.247566 0.409467 0.000000 0.752434       0.000000
EMBRA150                            1  0.335909 0.261516 0.402574 0.000000 0.738484       0.000000
EMBRA151                            1  0.337488 0.250847 0.411665 0.000000 0.749153       0.000000
EMBRA152                            1  0.338484 0.254397 0.407119 0.000000 0.745603       0.000000
EMBRA153                            1  0.342157 0.249506 0.408337 0.000000 0.750494       0.000000
EMBRA154                            1  0.338690 0.252823 0.408487 0.000000 0.747177       0.000000
EMBRA155                            1  0.334516 0.263466 0.402017 0.000000 0.736534       0.000000
EMBRA156                            1  0.341208 0.251755 0.407037 0.000000 0.748245       0.000000
EMBRA157                            1  0.327980 0.274078 0.397942 0.000000 0.725922       0.000000
EMBRA158                            1  0.348977 0.233234 0.417788 0.000000 0.766766       0.000000
EMBRA159                            1  0.339062 0.251910 0.409028 0.000000 0.748090       0.000000
EMBRA160                            1  0.332778 0.265896 0.401326 0.000000 0.734104       0.000000
EMBRA161                            1  0.347233 0.233193 0.419573 0.000000 0.766807       0.000000
EMBRA162                            1  0.340795 0.251291 0.407914 0.000000 0.748709       0.000000
EMBRA163                            1  0.337694 0.253174 0.409131 0.000000 0.746826       0.000000
EMBRA022                            1  0.344360 0.242118 0.413522 0.000000 0.757882       0.000000
EMBRA023                            1  0.330709 0.268961 0.400330 0.000000 0.731039       0.000000
EMBRA024                            1  0.339665 0.251951 0.408383 0.000000 0.748049       0.000000
EMBRA025                            1  0.339118 0.254381 0.406500 0.000000 0.745619       0.000000
EMBRA026                            1  0.338117 0.253179 0.408703 0.000000 0.746821       0.000000
EMBRA027                            1  0.347646 0.234215 0.418139 0.000000 0.765785       0.000000
EMBRA028                            1  0.338128 0.256698 0.405174 0.000000 0.743302       0.000000
EMBRA073                            1  0.346000 0.239307 0.414693 0.000000 0.760693       0.000000
EMBRA074                            1  0.346702 0.241757 0.411541 0.000000 0.758243       0.000000
EMBRA075                            1  0.349034 0.232863 0.418103 0.000000 0.767137       0.000000
EMBRA164                            1  0.341517 0.245957 0.412526 0.000000 0.754043       0.000000
