* missing loci ignored.
ID                               Chip  Call0*   Call1*   Call2*   Call5    Homo*    Missing_allele
Chumbo_grosso                       1  0.305621 0.377357 0.317023 0.000067 0.622643       0.000067
Double_black                        1  0.276293 0.435296 0.288411 0.033167 0.564704       0.033167
K321                                1  0.314227 0.367456 0.318317 0.000939 0.632544       0.000939
K327                                1  0.308384 0.374891 0.316725 0.094431 0.625109       0.094431
K431                                1  0.310333 0.381284 0.308383 0.000057 0.618716       0.000057
K452                                1  0.311152 0.361924 0.326924 0.000021 0.638076       0.000021
K522                                1  0.372770 0.261060 0.366170 0.000150 0.738940       0.000150
K533                                1  0.321949 0.352037 0.326014 0.000046 0.647963       0.000046
K538                                1  0.302825 0.383305 0.313871 0.000052 0.616695       0.000052
K541                                1  0.298756 0.388110 0.313135 0.000057 0.611890       0.000057
K562                                1  0.322984 0.351984 0.325032 0.000057 0.648016       0.000057
L37                                 1  0.320483 0.343055 0.336462 0.000062 0.656945       0.000062
L605                                1  0.296014 0.386872 0.317115 0.000031 0.613128       0.000031
Lotus                               1  0.309843 0.366271 0.323886 0.000072 0.633729       0.000072
Pacote                              1  0.340184 0.250302 0.409514 0.000418 0.749698       0.000418
Profeta                             1  0.307085 0.370303 0.322611 0.000150 0.629697       0.000150
L592                                1  0.304954 0.366401 0.328644 0.000217 0.633599       0.000217
L636                                1  0.296110 0.385548 0.318342 0.000077 0.614452       0.000077
L576                                1  0.301249 0.378356 0.320395 0.000062 0.621644       0.000062
L529                                1  0.313626 0.381652 0.304721 0.000062 0.618348       0.000062
L580                                1  0.302580 0.375535 0.321885 0.000026 0.624465       0.000026
L584                                1  0.299241 0.374164 0.326595 0.000057 0.625836       0.000057
L564                                1  0.303455 0.373904 0.322642 0.000036 0.626096       0.000036
L583                                1  0.295557 0.386958 0.317484 0.000041 0.613042       0.000041
L539                                1  0.295391 0.390241 0.314368 0.000124 0.609759       0.000124
L643                                1  0.305428 0.379283 0.315288 0.000113 0.620717       0.000113
L627                                1  0.304917 0.372836 0.322247 0.000077 0.627164       0.000077
L543                                1  0.305452 0.376374 0.318174 0.000021 0.623626       0.000021
L548                                1  0.302652 0.367054 0.330295 0.000026 0.632946       0.000026
L536                                1  0.297312 0.386308 0.316380 0.000026 0.613692       0.000026
L530                                1  0.294232 0.379781 0.325987 0.000026 0.620219       0.000026
L447                                1  0.299621 0.377515 0.322864 0.000036 0.622485       0.000036
L444                                1  0.292821 0.398138 0.309040 0.000248 0.601862       0.000248
L373                                1  0.291130 0.399686 0.309183 0.000093 0.600314       0.000093
L353                                1  0.302253 0.382323 0.315425 0.000088 0.617677       0.000088
L389                                1  0.302006 0.383900 0.314094 0.000057 0.616100       0.000057
L369                                1  0.305737 0.379151 0.315112 0.000077 0.620849       0.000077
L366                                1  0.302330 0.384403 0.313267 0.000036 0.615597       0.000036
L429                                1  0.313794 0.358823 0.327383 0.000021 0.641177       0.000021
L378                                1  0.297156 0.382579 0.320265 0.000960 0.617421       0.000960
L374                                1  0.307337 0.369537 0.323126 0.000129 0.630463       0.000129
L359                                1  0.309726 0.369570 0.320705 0.000077 0.630430       0.000077
L578                                1  0.292577 0.403010 0.304413 0.000031 0.596990       0.000031
L558                                1  0.300152 0.387845 0.312003 0.000052 0.612155       0.000052
L582                                1  0.295006 0.390750 0.314244 0.000026 0.609250       0.000026
L531                                1  0.293836 0.400781 0.305383 0.000031 0.599219       0.000031
L594                                1  0.299658 0.385815 0.314527 0.000021 0.614184       0.000021
L574                                1  0.308743 0.372422 0.318835 0.000573 0.627578       0.000573
L579                                1  0.303190 0.378443 0.318367 0.000320 0.621557       0.000320
L535                                1  0.306122 0.375186 0.318691 0.000155 0.624814       0.000155
K429                                1  0.181619 0.596947 0.221434 0.117347 0.403053       0.117347
K500                                1  0.194187 0.577930 0.227883 0.104176 0.422070       0.104176
SPARTACUS                           1  0.300806 0.388879 0.310315 0.000098 0.611121       0.000098
SANTARITA                           1  0.295198 0.391577 0.313225 0.000083 0.608423       0.000083
UDO                                 1  0.304441 0.371337 0.324222 0.000057 0.628663       0.000057
DRAGON                              1  0.289370 0.403527 0.307103 0.002745 0.596473       0.002745
ROBUSTO                             1  0.301265 0.384366 0.314369 0.000062 0.615634       0.000062
L521                                1  0.306077 0.374916 0.319006 0.000026 0.625084       0.000026
Karuboy                             1  0.338756 0.257276 0.403968 0.000041 0.742724       0.000041
EMBRA076                            1  0.333849 0.265070 0.401080 0.000134 0.734930       0.000134
EMBRA077                            1  0.331768 0.270043 0.398189 0.000052 0.729957       0.000052
EMBRA078                            1  0.342187 0.248853 0.408960 0.000072 0.751147       0.000072
EMBRA079                            1  0.345594 0.242484 0.411922 0.000062 0.757516       0.000062
EMBRA080                            1  0.333837 0.266999 0.399164 0.000052 0.733001       0.000052
EMBRA081                            1  0.345421 0.242644 0.411934 0.000041 0.757356       0.000041
EMBRA082                            1  0.338419 0.257384 0.404197 0.000021 0.742616       0.000021
EMBRA083                            1  0.341575 0.250387 0.408038 0.000077 0.749613       0.000077
EMBRA084                            1  0.331961 0.269787 0.398252 0.000119 0.730213       0.000119
EMBRA085                            1  0.341843 0.247836 0.410321 0.000108 0.752164       0.000108
EMBRA086                            1  0.333067 0.268542 0.398391 0.000093 0.731458       0.000093
EMBRA087                            1  0.332673 0.264979 0.402348 0.000103 0.735021       0.000103
EMBRA088                            1  0.341255 0.251151 0.407594 0.000139 0.748849       0.000139
EMBRA089                            1  0.345027 0.241233 0.413739 0.000887 0.758767       0.000887
EMBRA090                            1  0.333617 0.266056 0.400327 0.000057 0.733944       0.000057
EMBRA091                            1  0.334530 0.263363 0.402107 0.000057 0.736637       0.000057
EMBRA092                            1  0.341871 0.249016 0.409114 0.000083 0.750984       0.000083
EMBRA093                            1  0.340839 0.249385 0.409776 0.000113 0.750615       0.000113
EMBRA094                            1  0.341976 0.248086 0.409938 0.000722 0.751914       0.000722
EMBRA095                            1  0.339544 0.258076 0.402381 0.000083 0.741924       0.000083
EMBRA096                            1  0.337049 0.253477 0.409474 0.007300 0.746523       0.007300
EMBRA097                            1  0.336043 0.257623 0.406334 0.001089 0.742377       0.001089
EMBRA098                            1  0.345924 0.239937 0.414139 0.000046 0.760063       0.000046
EMBRA099                            1  0.341306 0.248982 0.409712 0.000031 0.751018       0.000031
EMBRA100                            1  0.335569 0.260745 0.403686 0.000031 0.739255       0.000031
EMBRA101                            1  0.344598 0.244967 0.410435 0.000046 0.755033       0.000046
EMBRA102                            1  0.341014 0.249385 0.409601 0.000052 0.750615       0.000052
EMBRA103                            1  0.354282 0.221925 0.423793 0.004504 0.778075       0.004504
EMBRA104                            1  0.335036 0.258814 0.406150 0.000026 0.741186       0.000026
EMBRA105                            1  0.342068 0.247731 0.410201 0.000041 0.752269       0.000041
EMBRA106                            1  0.333022 0.266077 0.400901 0.000021 0.733923       0.000021
EMBRA107                            1  0.338068 0.255370 0.406563 0.000052 0.744630       0.000052
EMBRA108                            1  0.343160 0.245545 0.411295 0.000067 0.754455       0.000067
EMBRA109                            1  0.332100 0.268594 0.399306 0.000057 0.731406       0.000057
EMBRA110                            1  0.341908 0.249060 0.409032 0.000072 0.750940       0.000072
EMBRA111                            1  0.337292 0.259526 0.403182 0.000304 0.740474       0.000304
EMBRA112                            1  0.338152 0.254375 0.407473 0.000057 0.745625       0.000057
EMBRA113                            1  0.343157 0.245910 0.410933 0.000567 0.754090       0.000567
EMBRA114                            1  0.346556 0.239007 0.414437 0.000041 0.760993       0.000041
EMBRA115                            1  0.360213 0.210741 0.429046 0.000026 0.789259       0.000026
EMBRA116                            1  0.350522 0.230106 0.419372 0.000036 0.769894       0.000036
EMBRA117                            1  0.340448 0.250775 0.408777 0.000041 0.749225       0.000041
EMBRA118                            1  0.323955 0.264245 0.411800 0.017004 0.735755       0.017004
EMBRA119                            1  0.344763 0.241185 0.414052 0.000046 0.758815       0.000046
EMBRA120                            1  0.346841 0.237497 0.415662 0.000072 0.762503       0.000072
EMBRA121                            1  0.338127 0.253974 0.407899 0.000103 0.746026       0.000103
EMBRA122                            1  0.343735 0.245402 0.410864 0.000072 0.754598       0.000072
EMBRA123                            1  0.347595 0.238466 0.413938 0.000046 0.761534       0.000046
EMBRA124                            1  0.344463 0.240284 0.415253 0.000119 0.759716       0.000119
EMBRA125                            1  0.334601 0.263265 0.402134 0.000469 0.736735       0.000469
EMBRA126                            1  0.341274 0.248305 0.410421 0.000150 0.751695       0.000150
EMBRA127                            1  0.339370 0.251937 0.408693 0.000088 0.748063       0.000088
EMBRA128                            1  0.331799 0.267570 0.400630 0.000067 0.732430       0.000067
EMBRA129                            1  0.347726 0.235189 0.417085 0.000304 0.764811       0.000304
EMBRA130                            1  0.350666 0.232675 0.416658 0.000124 0.767325       0.000124
EMBRA131                            1  0.334843 0.260199 0.404958 0.000052 0.739801       0.000052
EMBRA132                            1  0.332697 0.269152 0.398151 0.000098 0.730848       0.000098
EMBRA133                            1  0.331483 0.269050 0.399468 0.000139 0.730950       0.000139
EMBRA134                            1  0.343059 0.247353 0.409588 0.000057 0.752647       0.000057
EMBRA135                            1  0.345088 0.243525 0.411387 0.000077 0.756475       0.000077
EMBRA136                            1  0.334319 0.264715 0.400966 0.000119 0.735285       0.000119
EMBRA137                            1  0.338902 0.250609 0.410489 0.000139 0.749391       0.000139
EMBRA138                            1  0.331143 0.270880 0.397977 0.001295 0.729120       0.001295
EMBRA139                            1  0.338016 0.254121 0.407863 0.000052 0.745879       0.000052
EMBRA140                            1  0.340761 0.249155 0.410084 0.000021 0.750845       0.000021
EMBRA141                            1  0.339132 0.251504 0.409364 0.000026 0.748496       0.000026
EMBRA142                            1  0.323512 0.286271 0.390217 0.000062 0.713729       0.000062
EMBRA143                            1  0.342390 0.245848 0.411762 0.000062 0.754152       0.000062
EMBRA144                            1  0.327527 0.265738 0.406736 0.019439 0.734262       0.019439
EMBRA145                            1  0.346982 0.238083 0.414935 0.000062 0.761917       0.000062
EMBRA146                            1  0.338420 0.255754 0.405826 0.000041 0.744246       0.000041
EMBRA147                            1  0.338883 0.249569 0.411548 0.000067 0.750431       0.000067
EMBRA001                            1  0.334223 0.264474 0.401302 0.001021 0.735526       0.001021
EMBRA002                            1  0.340378 0.251019 0.408603 0.001321 0.748981       0.001321
EMBRA003                            1  0.338469 0.256211 0.405321 0.001099 0.743789       0.001099
EMBRA004                            1  0.333488 0.266801 0.399711 0.001419 0.733199       0.001419
EMBRA005                            1  0.341043 0.250317 0.408640 0.002951 0.749683       0.002951
EMBRA006                            1  0.333067 0.267130 0.399803 0.000062 0.732870       0.000062
EMBRA007                            1  0.340940 0.247238 0.411821 0.000093 0.752762       0.000093
EMBRA008                            1  0.340684 0.249643 0.409674 0.000052 0.750357       0.000052
EMBRA009                            1  0.339406 0.252816 0.407778 0.000072 0.747184       0.000072
EMBRA010                            1  0.345534 0.241234 0.413232 0.000098 0.758766       0.000098
EMBRA011                            1  0.347187 0.233525 0.419288 0.000119 0.766475       0.000119
EMBRA012                            1  0.344020 0.244389 0.411591 0.000046 0.755611       0.000046
EMBRA013                            1  0.332723 0.263388 0.403889 0.000036 0.736612       0.000036
EMBRA014                            1  0.336673 0.256443 0.406884 0.000031 0.743557       0.000031
EMBRA015                            1  0.372600 0.186504 0.440897 0.000026 0.813496       0.000026
EMBRA016                            1  0.340568 0.252919 0.406513 0.000031 0.747081       0.000031
EMBRA017                            1  0.339189 0.254430 0.406381 0.000010 0.745570       0.000010
EMBRA018                            1  0.340955 0.246626 0.412419 0.000015 0.753374       0.000015
EMBRA019                            1  0.336831 0.258056 0.405113 0.000026 0.741944       0.000026
EMBRA020                            1  0.336419 0.255817 0.407765 0.000026 0.744183       0.000026
EMBRA021                            1  0.332950 0.268653 0.398398 0.000005 0.731347       0.000005
EMBRA148                            1  0.335316 0.259675 0.405009 0.000062 0.740325       0.000062
EMBRA149                            1  0.342967 0.247510 0.409522 0.000212 0.752490       0.000212
EMBRA150                            1  0.335899 0.261514 0.402587 0.000031 0.738486       0.000031
EMBRA151                            1  0.337485 0.250838 0.411677 0.000067 0.749162       0.000067
EMBRA152                            1  0.338481 0.254400 0.407120 0.000052 0.745600       0.000052
EMBRA153                            1  0.342137 0.249518 0.408346 0.000046 0.750482       0.000046
EMBRA154                            1  0.338677 0.252814 0.408509 0.000067 0.747186       0.000067
EMBRA155                            1  0.334527 0.263434 0.402039 0.000093 0.736566       0.000093
EMBRA156                            1  0.341202 0.251750 0.407048 0.000103 0.748250       0.000103
EMBRA157                            1  0.327983 0.274075 0.397941 0.000026 0.725925       0.000026
EMBRA158                            1  0.348971 0.233230 0.417799 0.000026 0.766770       0.000026
EMBRA159                            1  0.339055 0.251910 0.409035 0.000041 0.748090       0.000041
EMBRA160                            1  0.332783 0.265892 0.401325 0.000062 0.734108       0.000062
EMBRA161                            1  0.347225 0.233198 0.419577 0.000021 0.766802       0.000021
EMBRA162                            1  0.340806 0.251196 0.407998 0.000320 0.748804       0.000320
EMBRA163                            1  0.337695 0.253166 0.409139 0.000031 0.746834       0.000031
EMBRA022                            1  0.344413 0.242019 0.413568 0.000273 0.757981       0.000273
EMBRA023                            1  0.330745 0.268891 0.400364 0.000124 0.731109       0.000124
EMBRA024                            1  0.339671 0.251944 0.408386 0.000031 0.748056       0.000031
EMBRA025                            1  0.339125 0.254376 0.406498 0.000021 0.745624       0.000021
EMBRA026                            1  0.338123 0.253155 0.408722 0.000046 0.746845       0.000046
EMBRA027                            1  0.347657 0.234188 0.418155 0.000062 0.765812       0.000062
EMBRA028                            1  0.338231 0.256371 0.405398 0.000960 0.743629       0.000960
EMBRA073                            1  0.345840 0.239943 0.414218 0.004607 0.760057       0.004607
EMBRA074                            1  0.346688 0.241771 0.411541 0.000227 0.758229       0.000227
EMBRA075                            1  0.348562 0.232993 0.418446 0.001176 0.767007       0.001176
EMBRA164                            1  0.341520 0.246066 0.412414 0.000779 0.753934       0.000779
